@relation tyrex


@attribute	text_length	numeric
@attribute	digit_frequency	numeric
@attribute	hashtag_frequency	numeric
@attribute	punctuation_frequency	numeric
@attribute	sentence_length_avg	numeric
@attribute	sentence_length_max	numeric
@attribute	sentence_length_min	numeric
@attribute	class	{ epic, poetry, drama, report }


@DATA
1851, 0.0021709518133832795, 0.0, 0.007406776775072365, 4.870748299319728, 64, 1, report
133, 0.0, 0.0, 0.0, 16.125, 72, 3, epic
2562, 4.428109639994686e-05, 0.0, 0.016339724571580394, 12.757575757575758, 51, 1, drama
1712, 0.0013314967860422406, 0.0, 0.008172635445362718, 4.820143884892087, 47, 1, report
93, 0.0, 0.0, 0.0, 10.5, 33, 2, poetry
68, 0.0, 0.0, 0.0, 15.4, 26, 2, poetry
103, 0.0, 0.0011976047904191617, 0.003592814371257485, 16.285714285714285, 25, 4, poetry
1851, 0.0014451447151860625, 0.0, 0.007707438480992332, 4.687089715536105, 45, 1, report
564, 0.0003774297037176826, 0.0, 0.010756746555953954, 8.565217391304348, 110, 1, drama
209, 0.0006031363088057901, 0.0, 0.0036188178528347406, 14.428571428571429, 38, 1, epic
284, 0.0005091649694501018, 0.0, 0.0015274949083503055, 24.818181818181817, 39, 13, poetry
522, 0.0002554931016862545, 0.0, 0.0007664793050587634, 27.444444444444443, 59, 3, poetry
577, 0.0016240357287860333, 0.0, 0.011936662606577345, 2.5742857142857143, 30, 1, report
953, 0.00011532695190866105, 0.0, 0.0239880059970015, 11.645454545454545, 76, 1, drama
69, 0.0, 0.0, 0.0, 22.0, 50, 3, epic
88, 0.003372681281618887, 0.0, 0.012647554806070826, 3.264705882352941, 19, 1, epic
1477, 0.0007483349547257352, 0.0, 0.019381875327396544, 8.169230769230769, 61, 1, drama
418, 0.0013297872340425532, 0.0, 0.014539007092198582, 2.1965317919075145, 55, 1, report
132, 0.0027979854504756574, 0.0005595970900951316, 0.053721320649132626, 4.837837837837838, 17, 1, drama
494, 0.0004317789291882556, 0.0, 0.014248704663212436, 7.36986301369863, 36, 1, drama
333, 0.0, 0.0, 0.0, 19.2, 27, 1, poetry
44, 0.0, 0.0, 0.0, 10.8, 25, 4, poetry
206, 0.0, 0.0, 0.001718213058419244, 17.3125, 32, 2, poetry
224, 0.0013882461823229986, 0.0, 0.007403979639055993, 6.4324324324324325, 29, 1, epic
2735, 0.0, 0.0, 0.0014296278037959082, 18.74468085106383, 116, 1, epic
47, 0.0, 0.0, 0.0025575447570332483, 10.333333333333334, 28, 1, poetry
954, 0.0, 0.0, 0.0011620400258231117, 24.695652173913043, 79, 2, poetry
5, 0.0, 0.0, 0.018867924528301886, 2.6666666666666665, 4, 1, poetry
85, 0.0, 0.0, 0.0048250904704463205, 17.083333333333332, 55, 2, poetry
982, 0.0, 0.0, 0.0018193632228719948, 11.607142857142858, 82, 1, epic
1226, 0.0, 0.0, 0.002626970227670753, 20.596491228070175, 116, 1, epic
397, 0.0018428084400626554, 0.0, 0.013544642034460519, 2.1386430678466075, 21, 1, report
100, 0.0023677979479084454, 0.0, 0.012628255722178374, 4.142857142857143, 42, 1, epic
75, 0.0, 0.0, 0.0, 17.2, 22, 3, poetry
42, 0.0, 0.0, 0.0, 6.875, 18, 1, poetry
147, 0.00016147263038914905, 0.0, 0.003713870498950428, 1.7674418604651163, 10, 1, poetry
5, 0.0, 0.0, 0.008333333333333333, 2.888888888888889, 4, 1, poetry
1430, 0.0, 0.0, 0.0009537434430138292, 16.98780487804878, 53, 1, epic
988, 0.0, 0.0, 0.0010575016523463319, 15.238095238095237, 67, 1, epic
1521, 0.00017307026652821047, 0.0, 0.0006057459328487366, 17.174418604651162, 45, 1, poetry
234, 0.0008357709987463436, 0.0, 0.015461763476807356, 5.531914893617022, 47, 1, drama
583, 0.0, 0.0, 0.00023342670401493932, 16.794117647058822, 50, 1, epic
83, 0.0, 0.0, 0.0013986013986013986, 11.6, 47, 1, poetry
397, 0.0, 0.0, 0.0, 19.94736842105263, 45, 3, epic
680, 0.0, 0.0, 0.0025450274079874707, 15.761904761904763, 51, 1, epic
42, 0.003875968992248062, 0.0, 0.01937984496124031, 2.3461538461538463, 19, 1, epic
77, 0.0, 0.0, 0.0017035775127768314, 21.5, 29, 4, poetry
1946, 0.0, 0.0, 0.0006534666405280011, 14.037037037037036, 64, 1, epic
2615, 0.0012764528048370843, 0.0, 0.0055424924420557605, 5.881048387096774, 57, 1, report
72, 0.0, 0.0, 0.0014858841010401188, 7.846153846153846, 28, 1, poetry
150, 0.000697350069735007, 0.0, 0.002789400278940028, 9.083333333333334, 26, 1, drama
926, 0.00023640661938534278, 0.0, 0.01761229314420804, 7.912, 43, 1, drama
127, 0.0007936507936507937, 0.0, 0.004761904761904762, 10.578947368421053, 39, 1, drama
1243, 0.00021094821221390148, 0.0, 0.0006328446366417044, 25.67391304347826, 62, 7, poetry
270, 0.0006985679357317499, 0.0, 0.008732099196646874, 6.304347826086956, 35, 1, drama
452, 0.0, 0.0, 0.0028785261945883708, 16.22222222222222, 35, 3, epic
51, 0.0, 0.0, 0.008676789587852495, 9.125, 20, 1, poetry
536, 0.0, 0.0, 0.0019450522732798443, 13.325, 45, 1, epic
4, 0.0, 0.0, 0.0, 3.25, 4, 3, poetry
887, 0.0, 0.0, 0.002735146634250114, 15.763636363636364, 58, 1, epic
176, 0.001084010840108401, 0.0, 0.012466124661246613, 4.6976744186046515, 25, 1, drama
3, 0.0, 0.0, 0.1, 4.0, 4, 4, poetry
1408, 0.0016485163352982315, 0.0, 0.008742132081126985, 4.329923273657289, 42, 1, report
285, 0.0, 0.0, 0.0011269722013523666, 22.82608695652174, 43, 3, poetry
536, 0.0004123711340206186, 0.0, 0.0070103092783505155, 9.785714285714286, 80, 1, drama
847, 0.0002718129926610492, 0.0, 0.012231584669747214, 9.865168539325843, 60, 1, drama
1012, 0.00020857232245281051, 0.0, 0.021482949212639484, 7.205128205128205, 75, 1, drama
40, 0.0, 0.0, 0.0, 15.333333333333334, 23, 2, poetry
1122, 0.0013508751321508281, 0.0, 0.009984729237636556, 3.663316582914573, 33, 1, report
754, 0.000253613999492772, 0.0, 0.022444838955110322, 6.16546762589928, 93, 1, drama
152, 0.001021972406745018, 0.0, 0.032192130812468064, 3.75, 23, 1, drama
2, 0.0, 0.0, 0.0, 2.6666666666666665, 3, 2, poetry
526, 0.0, 0.0, 0.0023734177215189874, 21.869565217391305, 64, 1, epic
3, 0.0, 0.0, 0.0, 3.0, 3, 3, poetry
26, 0.0, 0.0, 0.008620689655172414, 7.5, 22, 2, poetry
618, 0.0, 0.0, 0.000211864406779661, 14.5, 32, 1, epic
231, 0.0, 0.0, 0.0020942408376963353, 16.625, 26, 1, poetry
42, 0.0, 0.0, 0.0, 11.555555555555555, 39, 2, poetry
1490, 0.00014324595330181923, 0.0, 0.014038103423578283, 7.083700440528634, 37, 1, drama
