@relation tyrex


@attribute	text_length	numeric
@attribute	digit_frequency	numeric
@attribute	hashtag_frequency	numeric
@attribute	punctuation_frequency	numeric
@attribute	sentence_length_avg	numeric
@attribute	sentence_length_max	numeric
@attribute	sentence_length_min	numeric
@attribute	class	{ poetry, epic, report, drama }


@DATA
1, 0.0, 0.0, 0.0056179775280898875, 1.0, 1, 1, report
138, 0.0, 0.0008936550491510277, 0.0, 16.625, 72, 4, epic
2638, 4.4849082836256e-05, 0.0, 0.00269094497017536, 11.805447470817121, 49, 1, drama
1, 0.0, 0.0, 0.0056179775280898875, 1.0, 1, 1, report
189, 0.0006119951040391676, 0.0, 0.0012239902080783353, 20.545454545454547, 120, 3, poetry
91, 0.0, 0.0, 0.0, 19.6, 26, 10, poetry
107, 0.0, 0.0, 0.001152073732718894, 19.833333333333332, 25, 6, poetry
1, 0.0, 0.0, 0.0056179775280898875, 1.0, 1, 1, report
561, 0.0002092487968194183, 0.0, 0.0012554927809165098, 11.375, 108, 1, drama
298, 0.0008309098462816784, 0.0, 0.002077274615704196, 21.846153846153847, 39, 4, epic
284, 0.0005091649694501018, 0.0, 0.0015274949083503055, 24.818181818181817, 39, 13, poetry
522, 0.0002554931016862545, 0.0, 0.0007664793050587634, 27.444444444444443, 59, 3, poetry
1, 0.0, 0.0, 0.0056179775280898875, 1.0, 1, 1, report
1056, 0.00010955302366345311, 0.0, 0.0043821209465381246, 12.174757281553399, 74, 1, drama
81, 0.0, 0.0, 0.0, 26.0, 50, 13, epic
81, 0.004219409282700422, 0.0, 0.0014064697609001407, 6.769230769230769, 19, 2, epic
947, 0.0015151515151515152, 0.0, 0.006186868686868687, 9.96808510638298, 61, 1, drama
1, 0.0, 0.0, 0.0056179775280898875, 1.0, 1, 1, report
1243, 0.00021094821221390148, 0.0, 0.0006328446366417044, 25.67391304347826, 62, 7, epic
138, 0.0006779661016949153, 0.0006779661016949153, 0.0006779661016949153, 5.72, 15, 2, drama
509, 0.00023293733985557886, 0.0, 0.0041928721174004195, 9.51923076923077, 35, 1, drama
388, 0.0, 0.0, 0.0, 23.94736842105263, 40, 9, poetry
52, 0.0, 0.0, 0.0, 11.2, 25, 4, poetry
232, 0.0, 0.0, 0.0015682174594877157, 20.133333333333333, 32, 3, poetry
284, 0.0005091649694501018, 0.0, 0.0015274949083503055, 24.818181818181817, 39, 13, epic
228, 0.0011273957158962795, 0.0, 0.0011273957158962795, 14.0625, 29, 2, epic
3087, 0.0, 0.0, 0.001455796717840127, 21.05673758865248, 116, 2, epic
52, 0.002173913043478261, 0.0, 0.002173913043478261, 13.8, 28, 4, poetry
1068, 0.0, 0.0, 0.0012811553692056836, 26.955555555555556, 118, 1, poetry
34, 0.0038910505836575876, 0.0, 0.007782101167315175, 20.5, 36, 5, poetry
163, 0.0, 0.0, 0.004827586206896552, 31.09090909090909, 55, 4, poetry
1267, 0.0, 0.0, 0.0016351558507920285, 14.702380952380953, 82, 3, epic
1365, 0.0, 0.0, 0.002558299714651186, 22.82456140350877, 116, 3, epic
1, 0.0, 0.0, 0.0056179775280898875, 1.0, 1, 1, report
1521, 0.00017322016282695306, 0.0, 0.0006062705698943357, 17.36470588235294, 45, 5, epic
108, 0.0021953896816684962, 0.0, 0.0021953896816684962, 15.285714285714286, 42, 2, epic
117, 0.0, 0.0, 0.0, 26.2, 48, 20, poetry
97, 0.0, 0.0, 0.0, 16.857142857142858, 33, 10, poetry
522, 0.0002554931016862545, 0.0, 0.0007664793050587634, 27.444444444444443, 59, 3, epic
147, 0.00016147263038914905, 0.0, 0.003713870498950428, 1.7674418604651163, 10, 1, poetry
256, 0.000473260766682442, 0.0, 0.000473260766682442, 39.25, 48, 5, poetry
1474, 0.0, 0.0, 0.0011084426380934787, 17.48780487804878, 53, 2, epic
1164, 0.0, 0.0, 0.0011091393078970719, 17.80952380952381, 67, 2, epic
1521, 0.00017322016282695306, 0.0, 0.0006062705698943357, 17.36470588235294, 45, 5, poetry
229, 0.0005167958656330749, 0.0, 0.004651162790697674, 8.807692307692308, 47, 1, drama
589, 0.0, 0.0, 0.0002318034306907742, 17.424242424242426, 50, 5, epic
208, 0.0006093845216331506, 0.0, 0.0006093845216331506, 28.77777777777778, 52, 5, poetry
433, 0.0, 0.0002949852507374631, 0.0, 21.63157894736842, 45, 8, epic
692, 0.0, 0.0, 0.0025028879476318828, 16.365853658536587, 51, 4, epic
38, 0.006329113924050633, 0.0, 0.0031645569620253164, 8.2, 19, 2, epic
107, 0.0, 0.0, 0.0026041666666666665, 29.25, 35, 25, poetry
2348, 0.0, 0.0, 0.000657606313020605, 16.762962962962963, 64, 2, epic
1, 0.0, 0.0, 0.0056179775280898875, 1.0, 1, 1, report
143, 0.000819672131147541, 0.0, 0.003278688524590164, 15.25, 60, 3, poetry
166, 0.0007052186177715092, 0.0, 0.0007052186177715092, 11.117647058823529, 22, 1, drama
932, 0.00012631047113805733, 0.0, 0.0030314513073133762, 8.817307692307692, 43, 1, drama
141, 0.0008382229673093043, 0.0, 0.003352891869237217, 15.083333333333334, 35, 1, drama
1243, 0.00021094821221390148, 0.0, 0.0006328446366417044, 25.67391304347826, 62, 7, poetry
262, 0.00042140750105351877, 0.0, 0.0029498525073746312, 10.68, 35, 3, drama
473, 0.0, 0.0, 0.002767017155506364, 16.925925925925927, 35, 3, epic
59, 0.0, 0.0, 0.0, 8.375, 20, 1, poetry
622, 0.0, 0.0, 0.0018773466833541927, 15.2, 45, 2, epic
69, 0.0, 0.0, 0.0, 27.333333333333332, 30, 24, poetry
967, 0.0, 0.0, 0.0025136154168412233, 17.40740740740741, 58, 3, epic
206, 0.0006289308176100629, 0.0, 0.006918238993710692, 9.5, 25, 2, drama
67, 0.0, 0.0, 0.005870841487279843, 75.0, 75, 75, poetry
1, 0.0, 0.0, 0.0056179775280898875, 1.0, 1, 1, report
296, 0.0, 0.0, 0.0010897203051216855, 24.954545454545453, 43, 10, poetry
539, 0.00022593764121102577, 0.0, 0.0033890646181653863, 14.914285714285715, 80, 1, drama
853, 0.00014536996656490768, 0.0, 0.0027620293647332463, 12.147058823529411, 58, 1, drama
1093, 0.00010514141520344864, 0.0, 0.003154242456103459, 7.888888888888889, 75, 1, drama
61, 0.0, 0.0, 0.0, 23.333333333333332, 26, 21, poetry
1, 0.0, 0.0, 0.0056179775280898875, 1.0, 1, 1, report
777, 0.00013638843426077467, 0.0, 0.0028641571194762683, 6.84070796460177, 93, 1, drama
150, 0.0006925207756232687, 0.0, 0.004155124653739612, 4.870967741935484, 21, 1, drama
87, 0.0, 0.0, 0.0, 51.5, 77, 26, poetry
663, 0.0, 0.0, 0.0020973154362416107, 27.391304347826086, 64, 8, epic
39, 0.0, 0.0, 0.0, 46.0, 46, 46, poetry
62, 0.0, 0.0, 0.0, 23.666666666666668, 25, 22, poetry
638, 0.0, 0.0, 0.0004116920543433512, 14.952380952380953, 32, 2, epic
356, 0.0, 0.0, 0.002117896223085069, 24.8125, 73, 10, poetry
107, 0.0, 0.0, 0.0, 32.75, 82, 2, poetry
1493, 7.431629013079666e-05, 0.0, 0.00312128418549346, 7.334951456310679, 35, 1, drama
